p_high=0.9, p_low=0.6, theta_learning=1.5, epsilon_learning=0.05, steps=200
V_H0=0.885513, V_L0=0.136715
